0.010712609,0.0128090335,0.007342461,0.0
0.010718314,0.012816395,0.0073438627,0.0
0.010724033,0.012823764,0.007345262,0.0
0.010729748,0.012831143,0.007346661,0.0
0.010735471,0.012838527,0.007348064,0.0
0.010741199,0.012845923,0.007349468,0.0
0.01074769,0.012854267,0.0073509715,0.0
0.010753002,0.012861255,0.007352372,0.0
0.010758539,0.012868279,0.0073537054,0.0
0.010764185,0.012875594,0.007355093,0.0
0.010770659,0.012883919,0.0073565897,0.0
0.010775963,0.012890904,0.0073579885,0.0
0.0107815005,0.01289793,0.007359322,0.0
0.010787149,0.012905253,0.0073607033,0.0
0.010792864,0.012912634,0.0073621008,0.0
0.010798597,0.012920029,0.0073635,0.0
0.010804334,0.012927443,0.0073648994,0.0
0.010810079,0.012934861,0.0073662987,0.0
0.01081582,0.012942272,0.0073677017,0.0
0.010821569,0.012949703,0.007369102,0.0
0.010827314,0.012957127,0.007370503,0.0
0.010833827,0.012965514,0.0073720035,0.0
0.010839155,0.012972531,0.0073734005,0.0
0.0108447075,0.012979583,0.0073747346,0.0
0.010850374,0.012986927,0.0073761176,0.0
0.010856107,0.012994334,0.0073775128,0.0
0.01086185,0.013001752,0.007378911,0.0
0.010868365,0.013010148,0.0073804096,0.0
0.010875997,0.0130200535,0.0073821065,0.0
0.010882574,0.013028761,0.0073837363,0.0
0.010887892,0.013035635,0.007385103,0.0
0.010891917,0.013040805,0.0073862406,0.0
0.010897697,0.013048049,0.007387528,0.0
0.010904276,0.01305668,0.007389064,0.0
0.010910422,0.013064707,0.0073905676,0.0
0.010920929,0.013078095,0.0073925974,0.0
0.010924951,0.013084105,0.0073940945,0.0
0.010927584,0.013086953,0.00739489,0.0
0.0109327175,0.013093349,0.0073960186,0.0
0.010937548,0.0130998,0.0073973048,0.0
0.010943715,0.013107603,0.0073986934,0.0
0.011010973,0.013192138,0.0074080355,0.0
0.011027245,0.0132227745,0.0074151442,0.0
0.010995291,0.01317922,0.0074114837,0.0
0.010988262,0.013164743,0.0074084867,0.0
0.010986414,0.013164329,0.007408704,0.0
0.011078574,0.013279069,0.007420748,0.0
0.011031401,0.013234882,0.00742161,0.0
0.011011606,0.013193878,0.0074146385,0.0
0.01100582,0.013188923,0.007413611,0.0
0.011007526,0.013191033,0.007414163,0.0
0.0110145975,0.013199818,0.007415503,0.0
0.011018455,0.013205228,0.0074167335,0.0
0.011021667,0.013208933,0.0074175964,0.0
0.011025419,0.013213592,0.007418547,0.0
0.0110326195,0.013222699,0.007420008,0.0
0.011038247,0.013230329,0.0074214945,0.0
0.011043134,0.013236483,0.007422723,0.0
0.011048471,0.013243287,0.007423987,0.0
0.01105715,0.013254415,0.0074257343,0.0
0.011062677,0.013262072,0.0074272966,0.0
0.01106831,0.013269053,0.007428607,0.0
0.011077093,0.0132803535,0.007430377,0.0
0.011081146,0.013286184,0.0074317604,0.0
0.011085358,0.013291144,0.0074327816,0.0
0.011088912,0.013295795,0.007433806,0.0
0.011093796,0.013301921,0.007434952,0.0
0.011099236,0.0133089945,0.007436267,0.0
0.011104892,0.013316307,0.007437619,0.0
0.011110609,0.013323705,0.0074389903,0.0
0.011116367,0.013331161,0.00744037,0.0
0.011122142,0.013338635,0.0074417507,0.0
0.011130263,0.013349054,0.0074434387,0.0
0.011137864,0.013359204,0.0074452185,0.0
0.011145207,0.01336875,0.0074468944,0.0
0.011198189,0.013435529,0.0074543515,0.0
0.0111759845,0.013415533,0.007455474,0.0
0.011167955,0.013397033,0.007452445,0.0
0.011175457,0.013407778,0.007453573,0.0
0.011174457,0.013407924,0.007454485,0.0
0.011177974,0.0134109855,0.0074550286,0.0
0.011235537,0.013483634,0.0074628815,0.0
0.011218504,0.013471079,0.0074650324,0.0
0.01120712,0.013448669,0.0074618417,0.0
0.011205962,0.013447622,0.0074615506,0.0
0.011208943,0.0134517485,0.0074624214,0.0
0.011214424,0.013458626,0.007463624,0.0
0.011217669,0.013462985,0.007464666,0.0
0.011223051,0.013469526,0.0074658017,0.0
0.011227868,0.013475936,0.0074670524,0.0
0.011233234,0.013482729,0.007468303,0.0
0.011239606,0.0134909535,0.0074697332,0.0
0.01124644,0.013499887,0.007471288,0.0
0.011251904,0.01350708,0.0074726823,0.0
0.011257539,0.013514259,0.007474002,0.0
0.011263278,0.01352173,0.0074753715,0.0
0.011268302,0.013528284,0.0074766534,0.0
0.011274569,0.013536266,0.0074780374,0.0
0.011307986,0.013578603,0.0074829482,0.0
0.011304886,0.013579391,0.007485108,0.0
0.011302417,0.013572671,0.0074844155,0.0
0.011307651,0.013579436,0.0074853227,0.0
0.0113231465,0.013599704,0.0074880514,0.0
0.011317626,0.01359446,0.0074886624,0.0
0.011318251,0.013592785,0.007488449,0.0
0.011321862,0.013597911,0.0074893744,0.0
0.011327012,0.013604539,0.007490598,0.0
0.011332523,0.013611653,0.0074919006,0.0
0.011338952,0.013619932,0.0074933297,0.0
0.011344234,0.013626921,0.007494677,0.0
0.011349798,0.013633991,0.0074959695,0.0
0.011357076,0.013643399,0.0074975193,0.0
0.011363567,0.013652035,0.0074990853,0.0
0.011368095,0.01365794,0.0075003244,0.0
0.011373339,0.013664542,0.0075015314,0.0
0.011378952,0.013671865,0.0075028655,0.0
0.01138473,0.013679373,0.0075042266,0.0
0.011390554,0.0136869345,0.0075056036,0.0
0.011396395,0.013694517,0.007506983,0.0
0.011403822,0.013704096,0.007508558,0.0
0.011409576,0.013711834,0.0075100367,0.0
0.011414579,0.013718222,0.00751128,0.0
0.011420054,0.013725255,0.007512563,0.0
0.011427361,0.013734705,0.007514113,0.0
0.011433882,0.013743404,0.007515679,0.0
0.011439222,0.0137503315,0.0075170184,0.0
0.011445623,0.013758511,0.0075184223,0.0
0.011451746,0.0137666175,0.007519884,0.0
0.011457734,0.013774386,0.007521289,0.0
0.011463647,0.013782077,0.00752268,0.0
0.011469544,0.013789746,0.0075240694,0.0
0.011474639,0.013796416,0.0075253537,0.0
0.011480182,0.01380351,0.007526641,0.0
0.011485925,0.013810991,0.0075279973,0.0
0.011490964,0.013817589,0.0075292685,0.0
0.011505188,0.013835589,0.007531628,0.0
0.011509211,0.0138423275,0.0075333603,0.0
0.011512547,0.013845731,0.0075341705,0.0
0.011515687,0.013849835,0.007535073,0.0
0.011520509,0.013855918,0.0075361836,0.0
0.011525999,0.013863088,0.007537479,0.0
0.011532513,0.013871525,0.0075389184,0.0
0.011559298,0.0139055755,0.007542927,0.0
0.01156485,0.013916153,0.0075456817,0.0
0.011576575,0.013929268,0.0075474395,0.0
0.011590456,0.013948353,0.007550241,0.0
0.011605572,0.01396848,0.007553249,0.0
0.011617006,0.013984025,0.0075558354,0.0
0.01162524,0.013994935,0.007557773,0.0
0.011630563,0.014001984,0.007559192,0.0
0.011635487,0.014008297,0.0075604105,0.0
0.011641084,0.014015558,0.0075617167,0.0
0.011618278,0.013987192,0.0075595705,0.0
0.011612387,0.013975393,0.0075575463,0.0
0.011614413,0.0139788,0.0075580776,0.0
0.0116182165,0.013983718,0.0075590624,0.0
0.0116222305,0.013988717,0.007560047,0.0
0.011629545,0.013997946,0.007561458,0.0
0.011634397,0.014004618,0.007562796,0.0
0.01163974,0.014011243,0.0075639924,0.0
0.011645327,0.014018537,0.007565296,0.0
0.011651093,0.014026027,0.0075666322,0.0
0.011656122,0.0140326,0.0075678886,0.0
0.011661628,0.014039641,0.0075691524,0.0
0.011667367,0.014047125,0.0075704893,0.0
0.011673201,0.014054729,0.007571846,0.0
0.0116806775,0.0140643865,0.0075734057,0.0
0.01168566,0.014071183,0.0075747706,0.0
0.011691142,0.014078052,0.0075760065,0.0
0.01169847,0.0140875755,0.0075775404,0.0
0.011705042,0.014096365,0.0075790985,0.0
0.011712019,0.014105385,0.0075806226,0.0
0.011718382,0.0141138,0.007582116,0.0
0.011726893,0.014124783,0.0075838207,0.0
0.01177957,0.01419171,0.0075910366,0.0
0.011768485,0.014185521,0.0075935163,0.0
0.011766,0.014175791,0.0075919977,0.0
0.0117642945,0.014174942,0.007592217,0.0
0.011769261,0.014180774,0.007593144,0.0
0.011784549,0.014200611,0.0075956816,0.0
0.011791401,0.014210989,0.007597796,0.0
0.011792673,0.014212154,0.007598506,0.0
0.011800468,0.014221561,0.0075997827,0.0
0.0118186455,0.014245465,0.007602848,0.0
0.011806675,0.01423242,0.007602846,0.0
0.011804446,0.014225904,0.007601827,0.0
0.011811109,0.014235042,0.0076030297,0.0
0.0118250055,0.014253347,0.007605526,0.0
0.011830294,0.014261317,0.0076073064,0.0
0.011835676,0.0142675545,0.0076084235,0.0
0.011871885,0.0143134985,0.0076134135,0.0
0.011856632,0.0142995985,0.007614309,0.0
0.011851022,0.014286653,0.0076123797,0.0
0.011852138,0.014288886,0.007612766,0.0
0.011865513,0.014305916,0.0076149013,0.0
0.011865858,0.01430799,0.00761612,0.0
0.011863443,0.014303541,0.0076159574,0.0
0.011865692,0.014305886,0.007616395,0.0
0.011883181,0.014328227,0.007619036,0.0
0.011881321,0.014328177,0.0076202643,0.0
0.011885147,0.014330892,0.0076206527,0.0
0.011888561,0.014336001,0.0076216953,0.0
0.011893575,0.01434224,0.0076228143,0.0
0.011899105,0.014349472,0.0076240906,0.0
0.011904868,0.014356961,0.007625409,0.0
0.011910705,0.01436457,0.0076267435,0.0
0.011917398,0.014373271,0.0076281917,0.0
0.011922863,0.014380544,0.007629548,0.0
0.011930188,0.014389903,0.0076310313,0.0
0.011935137,0.014396682,0.0076323776,0.0
0.012012567,0.014494125,0.00764214,0.0
0.012083182,0.0145952515,0.0076559666,0.0
0.0120305875,0.014533812,0.0076537915,0.0
0.01200896,0.014492733,0.0076470342,0.0
0.012017455,0.014505812,0.0076479944,0.0
0.012074009,0.014579165,0.007655925,0.0
0.012036518,0.014539877,0.00765549,0.0
0.012019518,0.014507093,0.0076503665,0.0
0.012049305,0.014545929,0.00765376,0.0
0.0120450845,0.014546151,0.0076558855,0.0
0.012036059,0.014530703,0.007654303,0.0
0.01203688,0.014530892,0.0076542026,0.0
0.012041121,0.014536821,0.007655249,0.0
0.012050479,0.014548723,0.0076569226,0.0
0.012078949,0.01458545,0.0076611578,0.0
0.012095486,0.014609942,0.007665209,0.0
0.012095794,0.014610427,0.007666265,0.0
0.012099773,0.0146142775,0.007666886,0.0
0.012088073,0.014600238,0.007666167,0.0
0.012101979,0.014615241,0.007667322,0.0
0.012122444,0.014644153,0.00767119,0.0
0.012111913,0.014632539,0.007671434,0.0
0.012109296,0.014625624,0.0076704244,0.0
0.012094677,0.014607805,0.0076690554,0.0
0.012092034,0.014601826,0.007668135,0.0
0.012093745,0.014604452,0.007668682,0.0
0.012098007,0.014609756,0.007669626,0.0
0.012105565,0.014619431,0.0076710624,0.0
0.012111306,0.014627241,0.0076724864,0.0
0.012115398,0.014632429,0.0076735546,0.0
0.012120475,0.014638832,0.007674671,0.0
0.012126896,0.014647212,0.0076760463,0.0
0.012132254,0.014654365,0.007677363,0.0
0.012139573,0.014663709,0.0076788254,0.0
0.01214532,0.014671509,0.007680249,0.0
0.012150354,0.014677973,0.007681457,0.0
0.012155916,0.014685166,0.007682707,0.0
0.012162574,0.014693865,0.007684133,0.0
0.012168874,0.014702222,0.0076855766,0.0
0.0121749835,0.014710203,0.007686956,0.0
0.012180198,0.014717057,0.007688223,0.0
0.012186681,0.014725396,0.007689587,0.0
0.012192094,0.014732658,0.007690925,0.0
0.012199482,0.0147421155,0.0076923976,0.0
0.012206099,0.014751038,0.0076939296,0.0
0.01221317,0.014760224,0.007695436,0.0
0.012217156,0.014765682,0.007696617,0.0
0.012223088,0.014773048,0.0076978197,0.0
0.012228295,0.0147800995,0.007699116,0.0
0.012233982,0.0147873955,0.0077003795,0.0
0.012240671,0.014796139,0.007701804,0.0
0.012246175,0.0148035,0.00770315,0.0
0.012252762,0.01481195,0.007704529,0.0
0.012263154,0.014825505,0.007706446,0.0
0.012266964,0.0148312645,0.0077078263,0.0
0.012272723,0.014838094,0.00770894,0.0
0.012277852,0.014845097,0.007710221,0.0
0.0122843655,0.01485346,0.007711585,0.0
0.0122897895,0.014860745,0.0077129123,0.0
0.012295545,0.014868141,0.007714191,0.0
0.012301459,0.0148759065,0.007715524,0.0
0.012307436,0.014883746,0.0077168695,0.0
0.012313448,0.014891619,0.007718223,0.0
0.012318642,0.014898453,0.0077194795,0.0
0.01232429,0.014905764,0.007720733,0.0
0.012330176,0.014913497,0.0077220597,0.0
0.012336157,0.014921326,0.007723406,0.0
0.012342159,0.014929193,0.0077247536,0.0
0.012348174,0.014937079,0.007726105,0.0
0.012355023,0.0149460165,0.007727554,0.0
0.012361417,0.014954518,0.0077290037,0.0
0.012368417,0.014963642,0.007730481,0.0
0.0123732025,0.014970128,0.007731749,0.0
0.012480111,0.015104924,0.0077445125,0.0
0.01243497,0.015065393,0.007746858,0.0
0.012412691,0.015020014,0.007739951,0.0
0.012406417,0.015014249,0.0077390233,0.0
0.0124081,0.015016341,0.0077395462,0.0
0.0124115115,0.015020655,0.00774039,0.0
0.012416281,0.015026704,0.00774143,0.0
0.012421668,0.01503369,0.007742622,0.0
0.012428171,0.015042118,0.0077439756,0.0
0.012434349,0.015050309,0.0077453624,0.0
0.012440384,0.015058174,0.007746704,0.0
0.012454696,0.015076547,0.007749004,0.0
0.012455202,0.015078831,0.007750251,0.0
0.01245862,0.015081808,0.0077508036,0.0
0.012463625,0.015088638,0.007751964,0.0
0.01246937,0.01509617,0.0077532516,0.0
0.012476121,0.015104973,0.007754669,0.0
0.012481629,0.015112346,0.007756002,0.0
0.012487395,0.015119783,0.007757268,0.0
0.012493336,0.015127583,0.007758594,0.0
0.012499347,0.0151354885,0.007759932,0.0
0.012505381,0.015143407,0.0077612777,0.0
0.012513106,0.015153461,0.0077628205,0.0
0.012524882,0.015168936,0.007764934,0.0
0.012526742,0.015172377,0.0077661527,0.0
0.012534158,0.015180896,0.007767295,0.0
0.012598362,0.015263007,0.007775423,0.0
0.012618434,0.0152982315,0.007782217,0.0
0.012595778,0.0152670825,0.0077803154,0.0
0.012577096,0.01523894,0.0077768667,0.0
0.01257028,0.015229443,0.007775683,0.0
0.012570839,0.015229973,0.007775918,0.0
0.012574715,0.015234907,0.007776776,0.0
0.01257975,0.015241417,0.007777879,0.0
0.012585242,0.015248524,0.0077790804,0.0
0.012603501,0.015271851,0.0077817705,0.0
0.012602289,0.015272623,0.007783076,0.0
0.012607325,0.015276996,0.007783625,0.0
0.012616418,0.015289498,0.0077853794,0.0
0.0126197655,0.015294491,0.007786631,0.0
0.012626205,0.015302183,0.007787781,0.0
0.012631649,0.015309735,0.0077891247,0.0
0.012640823,0.015321465,0.0077907722,0.0
0.012645735,0.01532854,0.0077921944,0.0
0.01264954,0.015333186,0.007793153,0.0
0.012655483,0.015340796,0.00779436,0.0
0.012661589,0.015348992,0.0077957357,0.0
0.012668538,0.0153580485,0.007797179,0.0
0.0126732895,0.015364504,0.0077984217,0.0
0.012678771,0.015371449,0.007799597,0.0
0.0126837855,0.015378133,0.0078008054,0.0
0.012691947,0.015388604,0.00780232,0.0
0.012697277,0.0153960865,0.0078037255,0.0
0.012701299,0.015401148,0.0078047514,0.0
0.012707323,0.015408842,0.007805964,0.0
0.01271346,0.015417073,0.0078073433,0.0
0.01271957,0.01542508,0.0078086886,0.0
0.012726488,0.01543414,0.007810123,0.0
0.012732103,0.015441685,0.007811462,0.0
0.012739648,0.015451393,0.007812928,0.0
0.0127447,0.015458395,0.007814255,0.0
0.0127511555,0.015466558,0.007815547,0.0
0.012758275,0.015476068,0.007817048,0.0
0.012763137,0.015482658,0.0078183105,0.0
0.012772895,0.015495023,0.007819968,0.0
0.01277978,0.015504785,0.0078216605,0.0
0.01278361,0.015509726,0.007822742,0.0
0.012787001,0.015513959,0.007823622,0.0
0.012801305,0.0155321555,0.007825758,0.0
0.012813621,0.01554962,0.007828368,0.0
0.012811231,0.015547148,0.007829019,0.0
0.0128252655,0.015563449,0.007830622,0.0
0.012825838,0.015566662,0.007832017,0.0
0.012826012,0.015565433,0.007832194,0.0
0.012832161,0.01557318,0.00783325,0.0
0.012992177,0.015775852,0.007851427,0.0
0.012964927,0.015768318,0.007859575,0.0
0.012904263,0.015672136,0.007848784,0.0
0.012874397,0.015629692,0.007842695,0.0
0.012871509,0.015625818,0.007841867,0.0
0.012875616,0.015631644,0.007842798,0.0
0.012878092,0.015634825,0.007843583,0.0
0.012881422,0.015638677,0.007844316,0.0
0.01288956,0.015649062,0.007845711,0.0
0.012907527,0.015672587,0.007848504,0.0
0.012903376,0.015669327,0.007849402,0.0
0.012906309,0.01567062,0.007849522,0.0
0.012911277,0.015677834,0.00785071,0.0
0.012916225,0.015684312,0.007851876,0.0
0.012921786,0.015691498,0.00785307,0.0
0.012930209,0.015702466,0.007854638,0.0
0.012960261,0.015741255,0.007858784,0.0
0.012952115,0.015735013,0.007860047,0.0
0.012951318,0.01572988,0.007859312,0.0
0.012953119,0.015733073,0.007860009,0.0
0.012967161,0.01575083,0.007862054,0.0
0.012971684,0.015758412,0.00786376,0.0
0.012975138,0.015762063,0.007864552,0.0
0.013102832,0.015923608,0.007878927,0.0
0.013068772,0.015901957,0.007884072,0.0
0.013033145,0.015839318,0.007876207,0.0
0.013026426,0.015830265,0.007874381,0.0
0.013025036,0.015829727,0.007874774,0.0
0.013049466,0.015860006,0.007877715,0.0
0.013059275,0.015876252,0.007880692,0.0
0.013056114,0.01587138,0.007880905,0.0
0.013061347,0.01587679,0.007881499,0.0
0.013087926,0.015911529,0.00788518,0.0
0.013062125,0.015882468,0.007884322,0.0
0.013072457,0.015888724,0.007883716,0.0
0.01307705,0.01589879,0.007885701,0.0
0.013087696,0.015911372,0.007887299,0.0
0.013087911,0.015912885,0.007888267,0.0
0.013087913,0.015911797,0.007888464,0.0
0.013093221,0.015918415,0.007889401,0.0
0.01309577,0.015922252,0.007890364,0.0
0.013226959,0.016087754,0.007904844,0.0
0.013238381,0.016124524,0.007915163,0.0
0.013282756,0.016170276,0.007918759,0.0
0.013207746,0.01608457,0.007914261,0.0
0.013154269,0.016000152,0.00790337,0.0
0.013138867,0.01597905,0.0078999465,0.0
0.013142159,0.01598368,0.007900378,0.0
0.013143698,0.015986092,0.007901116,0.0
0.013146423,0.015988845,0.007901663,0.0
0.0131482165,0.015991116,0.007902282,0.0
0.0131514855,0.015994983,0.00790301,0.0
0.013157187,0.016002312,0.007904128,0.0
0.013161374,0.016007995,0.0079052225,0.0
0.013249584,0.016119683,0.007915264,0.0
0.013253323,0.016138872,0.00792174,0.0
0.013217216,0.016085591,0.007916985,0.0
0.013281253,0.016161844,0.007922056,0.0
0.0132428715,0.016127205,0.007923153,0.0
0.0132390885,0.016109228,0.007919509,0.0
0.013223954,0.016093839,0.007918708,0.0
0.013219006,0.016084382,0.007917563,0.0
0.013220652,0.016086552,0.007917944,0.0
0.013226756,0.016094415,0.007919072,0.0
0.013230188,0.016099185,0.007920093,0.0
0.013238407,0.016109366,0.007921424,0.0
0.013244561,0.01611805,0.0079229,0.0
0.013248011,0.016122483,0.007923876,0.0
0.013263275,0.016141767,0.007926012,0.0
0.013263138,0.016143646,0.0079272725,0.0
0.013266276,0.01614605,0.007927711,0.0
0.013272152,0.016154068,0.007928929,0.0
0.013279214,0.01616345,0.007930374,0.0
0.0132840155,0.016169988,0.007931596,0.0
0.013289536,0.016177002,0.007932745,0.0
0.013295446,0.016184865,0.007934022,0.0
0.013301542,0.016192915,0.007935324,0.0
0.013307668,0.016201017,0.007936637,0.0
0.013313824,0.01620916,0.007937959,0.0
0.013320863,0.016218424,0.007939373,0.0
0.013326554,0.016226111,0.007940699,0.0
0.0133324955,0.016233834,0.007941952,0.0
0.013338595,0.016241929,0.007943263,0.0
0.013348221,0.016254472,0.007944959,0.0
0.013352447,0.016260752,0.007946292,0.0
0.013359409,0.016269295,0.007947517,0.0
0.013366005,0.01627838,0.007948976,0.0
0.013370648,0.016284566,0.007950144,0.0
0.013376142,0.016291598,0.0079512885,0.0
0.013382089,0.016299522,0.00795257,0.0
0.013388205,0.016307607,0.007953875,0.0
0.013394361,0.01631575,0.007955189,0.0
0.013400538,0.016323924,0.0079565095,0.0
0.013422344,0.01635197,0.007959514,0.0
0.01342059,0.016352665,0.00796097,0.0
0.013426323,0.0163576,0.007961495,0.0
0.013430853,0.016364634,0.007962775,0.0
0.013435607,0.016370626,0.00796384,0.0
0.013439463,0.016375743,0.007964839,0.0
0.013444681,0.016382413,0.007965923,0.0
0.013450525,0.016390176,0.007967177,0.0
0.013457445,0.016399283,0.007968556,0.0
0.013464823,0.016409121,0.007970045,0.0
0.013470622,0.016416948,0.007971382,0.0
0.013475742,0.016423624,0.007972541,0.0
0.013481488,0.016431147,0.007973755,0.0
0.013487538,0.016439186,0.007975047,0.0
0.013493697,0.016447343,0.007976358,0.0
0.013502502,0.016458858,0.007977949,0.0
0.013507222,0.016465623,0.007979272,0.0
0.013512694,0.016472444,0.007980381,0.0
0.013519515,0.016481506,0.007981745,0.0
0.013525163,0.016489163,0.007983055,0.0
0.013531981,0.016498009,0.007984391,0.0
0.013538474,0.016506756,0.007985788,0.0
0.013543925,0.01651401,0.00798703,0.0
0.013549803,0.016521685,0.007988262,0.0
0.01355852,0.01653312,0.007989838,0.0
0.013565846,0.016543206,0.007991438,0.0
0.013572466,0.016551917,0.007992829,0.0
0.013576211,0.016557042,0.007993896,0.0
0.013581361,0.016563505,0.007994941,0.0
0.013587232,0.016571354,0.007996194,0.0
0.013593325,0.016579432,0.00799749,0.0
0.013606495,0.016596517,0.007999538,0.0
0.01360874,0.016600864,0.008000867,0.0
0.013613879,0.01660646,0.008001705,0.0
0.013618904,0.016613508,0.008002908,0.0
0.013625562,0.016622143,0.00800421,0.0
0.013633754,0.01663306,0.0080057755,0.0
0.013638194,0.016639296,0.008007012,0.0
0.013643568,0.016646016,0.008008093,0.0
0.013649496,0.016653944,0.008009356,0.0
0.013657391,0.016664319,0.008010837,0.0
0.0136704855,0.016681606,0.008012988,0.0
0.01367262,0.01668567,0.008014271,0.0
0.013679489,0.016693506,0.008015291,0.0
0.013687049,0.016704073,0.008016874,0.0
0.0136921415,0.016710978,0.008018138,0.0
0.013696948,0.016717147,0.008019209,0.0
0.013701738,0.016723476,0.008020303,0.0
0.0137065295,0.016729778,0.008021392,0.0
0.013713933,0.0167394,0.008022757,0.0
0.013718961,0.01674643,0.008024029,0.0
0.013740443,0.016773779,0.008026849,0.0
0.013737507,0.016773079,0.008028177,0.0
0.013770046,0.016811907,0.008031419,0.0
0.013775795,0.01682514,0.008034539,0.0
0.013784578,0.016834075,0.008035653,0.0
0.013784959,0.016835943,0.008036602,0.0
0.013789694,0.016841127,0.008037374,0.0
0.013780571,0.016830187,0.008037091,0.0
0.0137837725,0.016832056,0.008037133,0.0
0.013788299,0.01683897,0.0080383085,0.0
0.013836959,0.016900878,0.008043923,0.0
0.013863401,0.016942147,0.008050017,0.0
0.014066479,0.017198844,0.008071287,0.0
0.014183902,0.0173823,0.008096325,0.0
0.014017936,0.017174568,0.008084935,0.0
0.013924927,0.01702085,0.008063819,0.0
0.013892741,0.016981546,0.008058328,0.0
0.013897096,0.016986163,0.008058264,0.0
0.013884138,0.01697108,0.008057676,0.0
0.013874892,0.016955739,0.008055942,0.0
0.013869103,0.016947625,0.00805521,0.0
0.0138667,0.016943723,0.008054979,0.0
0.013867396,0.016944148,0.00805524,0.0
0.013872066,0.01694994,0.008056079,0.0
0.013876655,0.016956113,0.0080571305,0.0
0.0138820205,0.016962977,0.008058212,0.0
0.013887785,0.016970605,0.008059405,0.0
0.013894664,0.01697964,0.0080607375,0.0
0.013901126,0.016988335,0.008062101,0.0
0.013910961,0.017001176,0.00806377,0.0
0.013918727,0.01701201,0.008065448,0.0
0.013921957,0.017016413,0.008066475,0.0
0.013925995,0.017021341,0.008067349,0.0
0.013931432,0.01702855,0.008068487,0.0
0.013937432,0.01703654,0.008069743,0.0
0.013943595,0.017044727,0.008071026,0.0
0.013971097,0.017080104,0.00807452,0.0
0.014010509,0.017134223,0.00808056,0.0
0.014004817,0.017131094,0.008082393,0.0
0.013985277,0.01710204,0.008079815,0.0
0.013981969,0.017095616,0.0080788415,0.0
0.013986139,0.017101716,0.008079751,0.0
0.013989967,0.017106917,0.008080744,0.0
0.013995934,0.017114453,0.008081845,0.0
0.0140011525,0.01712155,0.008083032,0.0
0.0140068885,0.017128995,0.008084197,0.0
0.014012918,0.01713701,0.008085449,0.0
0.014019965,0.01714632,0.0080868155,0.0
0.014026559,0.017155215,0.008088197,0.0
0.014033827,0.017164811,0.008089604,0.0
0.014039637,0.01717271,0.008090917,0.0
0.014045675,0.017180607,0.008092145,0.0
0.014051893,0.017188922,0.008093444,0.0
0.014057272,0.017196124,0.008094648,0.0
0.014064056,0.01720498,0.00809595,0.0
0.014069704,0.0172127,0.008097232,0.0
0.014075693,0.017220521,0.008098451,0.0
0.01408277,0.01722993,0.008099824,0.0
0.014090313,0.017240042,0.008101308,0.0
0.014096217,0.017248072,0.008102636,0.0
0.014101417,0.017254895,0.008103784,0.0
0.0141081475,0.01726372,0.008105072,0.0
0.014114691,0.017272586,0.008106446,0.0
0.01412108,0.017281065,0.008107764,0.0
0.01412651,0.017288363,0.008108981,0.0
0.014133334,0.017297268,0.008110278,0.0
0.0141398925,0.017306164,0.008111654,0.0
0.014145399,0.01731352,0.0081128795,0.0
0.014153139,0.017323606,0.008114273,0.0
0.0141592,0.01733202,0.008115651,0.0
0.014164459,0.017338905,0.008116806,0.0
0.0141712185,0.01734777,0.008118096,0.0
0.014177771,0.017356643,0.008119469,0.0
0.0141850645,0.017366288,0.008120874,0.0
0.014189998,0.017373098,0.008122091,0.0
0.014195687,0.017380403,0.008123228,0.0
0.014201775,0.017388571,0.008124491,0.0
0.014208018,0.01739689,0.00812578,0.0
0.014214305,0.017405272,0.008127072,0.0
0.014221498,0.017414803,0.008128457,0.0
0.014228189,0.017423859,0.008129848,0.0
0.014233742,0.01743129,0.008131078,0.0
0.014291661,0.017505351,0.008137527,0.0
0.014276595,0.017495405,0.008139921,0.0
0.014295952,0.017512223,0.00814036,0.0
0.014304526,0.017528782,0.008143225,0.0
0.014283818,0.017501509,0.008141703,0.0
0.014306204,0.017525975,0.008142954,0.0
0.014302692,0.017527062,0.008144724,0.0
0.01431217,0.017535847,0.0081453845,0.0
0.014314738,0.01754126,0.00814669,0.0
0.014313959,0.017539496,0.008146962,0.0
0.0143181905,0.017544452,0.008147663,0.0
0.0143211465,0.017548779,0.008148593,0.0
0.014324224,0.017552525,0.008149352,0.0
0.0143327825,0.017563507,0.008150709,0.0
0.014337432,0.017570402,0.008152008,0.0
0.014347387,0.017582921,0.008153508,0.0
0.014349917,0.017587312,0.008154672,0.0
0.0143598635,0.017599368,0.00815603,0.0
0.014361579,0.01760296,0.008157156,0.0
0.014366691,0.017608667,0.008157972,0.0
0.014375358,0.017620387,0.00815951,0.0
0.014380943,0.017628293,0.008160879,0.0
0.014386831,0.017635819,0.008162035,0.0
0.014389387,0.01763949,0.00816294,0.0
0.014395014,0.017646426,0.0081639355,0.0
0.0144056855,0.017660627,0.008165676,0.0
0.014407579,0.017664125,0.008166788,0.0
0.014412705,0.017669896,0.008167613,0.0
0.014424119,0.017685125,0.008169424,0.0
0.014429085,0.017692707,0.008170897,0.0
0.014435508,0.017700575,0.008172025,0.0
0.01444468,0.017712899,0.0081736455,0.0
0.014447735,0.017717618,0.008174778,0.0
0.014452557,0.017723348,0.008175673,0.0
0.014457477,0.017730102,0.008176789,0.0
0.014466896,0.017742325,0.008178321,0.0
0.014472789,0.01775084,0.008179769,0.0
0.014476081,0.017755048,0.00818067,0.0
0.014489291,0.01777188,0.008182477,0.0
0.014493295,0.017778788,0.008184004,0.0
0.0144974515,0.017783422,0.008184815,0.0
0.014502058,0.017789653,0.008185852,0.0
0.01451321,0.017804136,0.008187549,0.0
0.014517157,0.017810462,0.0081889145,0.0
0.0145231765,0.017817661,0.00818994,0.0
0.014527667,0.017824031,0.008191075,0.0
0.014534156,0.017832363,0.008192265,0.0
0.014541544,0.017842354,0.008193696,0.0
0.014547408,0.017850354,0.0081949895,0.0
0.0145516945,0.017856034,0.008196025,0.0
0.014558992,0.017865445,0.008197292,0.0
0.014564923,0.017873745,0.008198627,0.0
0.014572881,0.01788408,0.008200024,0.0
0.014580838,0.017894961,0.008201578,0.0
0.014586927,0.01790324,0.008202911,0.0
0.014594029,0.017912546,0.0082042385,0.0
0.014598027,0.017918205,0.008205347,0.0
0.014603339,0.017924907,0.008206373,0.0
0.014611176,0.017935362,0.008207788,0.0
0.014616398,0.017942697,0.008209063,0.0
0.014622182,0.017950129,0.0082101915,0.0
0.014627433,0.017957268,0.008211356,0.0
0.014633346,0.017965028,0.008212537,0.0
0.014640454,0.017974507,0.008213882,0.0
0.014648067,0.017984767,0.008215339,0.0
0.014653113,0.017991716,0.008216557,0.0
0.014659769,0.018000301,0.00821777,0.0
0.014667243,0.018010424,0.0082192095,0.0
0.014758567,0.01812748,0.008228791,0.0
0.01471642,0.018088683,0.008230641,0.0
0.014709337,0.018064138,0.0082262345,0.0
0.0147014195,0.018058328,0.008226395,0.0
0.014701539,0.018056525,0.008226311,0.0
0.01470643,0.018063128,0.0082272375,0.0
0.014718616,0.018079098,0.008229042,0.0
0.014730126,0.01809516,0.008231169,0.0
0.014728334,0.018093558,0.008231845,0.0
0.014821065,0.01821055,0.008240886,0.0
0.014777069,0.018170593,0.00824283,0.0
0.014758088,0.018130157,0.008237093,0.0
0.014754226,0.0181277,0.008236961,0.0
0.014759274,0.018133901,0.0082377875,0.0
0.014763289,0.018139578,0.008238815,0.0
0.014769367,0.018147262,0.008239885,0.0
0.014774635,0.018154472,0.008241049,0.0
0.014780446,0.018162051,0.008242189,0.0
0.014786554,0.018170225,0.008243414,0.0
0.014792804,0.018178578,0.008244664,0.0
0.014800022,0.018188184,0.008246017,0.0
0.014810421,0.018202037,0.008247741,0.0
0.014815759,0.01820984,0.008249149,0.0
0.014820613,0.01821593,0.008250152,0.0
0.014826415,0.018223654,0.008251316,0.0
0.014893948,0.018310344,0.00825848,0.0
0.014874756,0.018296804,0.008261076,0.0
0.0148583865,0.018266397,0.008257573,0.0
0.014860108,0.018268766,0.00825766,0.0
0.014862893,0.018273337,0.008258631,0.0
0.014867703,0.01827922,0.008259529,0.0
0.014872474,0.01828568,0.008260585,0.0
0.014877204,0.0182919,0.008261601,0.0
0.014882868,0.018299336,0.008262716,0.0
0.014890799,0.01830986,0.008264113,0.0
0.0148959905,0.018317183,0.0082653705,0.0
0.014901782,0.018324625,0.008266483,0.0
0.014907959,0.018332938,0.008267723,0.0
0.014914281,0.018341405,0.008268987,0.0
0.014920645,0.018349938,0.008270256,0.0
0.014927015,0.018358488,0.00827153,0.0
0.014933411,0.018367048,0.008272804,0.0
0.01493981,0.018375644,0.008274082,0.0
0.014946204,0.018384213,0.008275356,0.0
0.014952618,0.018392814,0.008276636,0.0
0.014959022,0.018401418,0.008277912,0.0
0.014965442,0.01841002,0.008279191,0.0
0.014972774,0.018419815,0.00828056,0.0
0.014981436,0.018431446,0.00828211,0.0
0.014987857,0.01844037,0.008283509,0.0
0.014995119,0.018449891,0.008284837,0.0
0.015001,0.01845802,0.008286124,0.0
0.01500625,0.018464958,0.008287245,0.0
0.015013133,0.018474035,0.00828851,0.0
0.015018879,0.018481964,0.008289766,0.0
0.015026835,0.018492365,0.008291139,0.0
0.0150320865,0.018499829,0.008292409,0.0
0.01503887,0.018508554,0.00829362,0.0
0.015049201,0.01852239,0.008295321,0.0
0.0150526725,0.01852784,0.008296539,0.0
0.01505766,0.018533781,0.008297436,0.0
0.015064551,0.018543115,0.008298732,0.0
0.015070316,0.018551026,0.008299987,0.0
0.01507548,0.018557865,0.008301088,0.0
0.015081386,0.018565675,0.008302245,0.0
0.01508856,0.01857528,0.008303578,0.0
0.015094384,0.018583283,0.008304844,0.0
0.015100517,0.018591357,0.00830604,0.0
0.015106835,0.018599866,0.008307294,0.0
0.015113221,0.018608436,0.0083085615,0.0
0.015119636,0.018617053,0.008309829,0.0
0.015126058,0.01862568,0.0083111,0.0
0.015132478,0.018634312,0.008312373,0.0
0.015140771,0.01864533,0.008313821,0.0
0.015146148,0.018652944,0.008315107,0.0
0.015152047,0.018660564,0.008316235,0.0
0.015159243,0.018670233,0.008317573,0.0
0.015165109,0.018678298,0.008318841,0.0
0.015171259,0.018686395,0.008320035,0.0
0.015177599,0.018694954,0.008321296,0.0
0.0151840085,0.018703561,0.008322562,0.0
0.015190433,0.018712202,0.008323832,0.0
0.015196862,0.018720837,0.008325099,0.0
0.015203295,0.01872949,0.008326368,0.0
0.01521066,0.018739346,0.00832773,0.0
0.015216585,0.01874749,0.008329009,0.0
0.015222765,0.018755637,0.0083302045,0.0
0.015229129,0.018764224,0.008331467,0.0
0.015236472,0.018774047,0.00833282,0.0
0.015243308,0.018783374,0.008334184,0.0
0.015249889,0.018792197,0.008335474,0.0
0.015256383,0.018800924,0.008336752,0.0
0.015263793,0.018810842,0.008338114,0.0
0.015268795,0.018817827,0.008339305,0.0
0.015274582,0.018825326,0.008340414,0.0
0.015281755,0.018834962,0.008341737,0.0
0.015288536,0.018844213,0.0083430875,0.0
0.015294158,0.018851815,0.008344284,0.0
0.015301175,0.018861057,0.008345555,0.0
0.015306976,0.018869083,0.008346806,0.0
0.015313127,0.018877193,0.008347996,0.0
0.015319478,0.018885761,0.008349249,0.0
0.015329632,0.018899191,0.00835086,0.0
0.01533861,0.018911753,0.00835259,0.0
0.015345063,0.018920556,0.008353948,0.0
0.015349583,0.01892662,0.008355005,0.0
0.015358067,0.018937621,0.008356359,0.0
0.015362698,0.01894449,0.008357609,0.0
0.015367347,0.018950328,0.008358562,0.0
0.015375933,0.018961648,0.008359953,0.0
0.015383368,0.01897208,0.008361463,0.0
0.015391085,0.01898233,0.008362863,0.0
0.015399923,0.018994253,0.0083644185,0.0
0.015407378,0.01900456,0.008365906,0.0
0.015415129,0.019014893,0.008367318,0.0
0.015418406,0.019019706,0.008368354,0.0
0.015421596,0.01902357,0.008369108,0.0
0.0154296355,0.019034041,0.008370383,0.0
0.01543503,0.019041866,0.008371684,0.0
0.015438111,0.019045841,0.0083725285,0.0
0.015444094,0.01905349,0.008373565,0.0
0.0154495565,0.019061076,0.008374754,0.0
0.015458381,0.019072626,0.008376175,0.0
0.015470565,0.019089151,0.008378123,0.0
0.015485,0.01910884,0.008380425,0.0
0.015650796,0.01932195,0.008396388,0.0
0.015591876,0.019275125,0.008401621,0.0
0.015582184,0.01923715,0.008394697,0.0
0.015577095,0.019238016,0.00839573,0.0
0.015560017,0.019214291,0.00839424,0.0
0.015561344,0.019213183,0.0083937645,0.0
0.015571215,0.01922727,0.008395378,0.0
0.015563143,0.019217841,0.008395476,0.0
0.015561067,0.019212667,0.008394972,0.0
0.015572865,0.019228086,0.008396446,0.0
0.015593088,0.019255755,0.008399359,0.0
0.015586287,0.01924919,0.008400084,0.0
0.015583552,0.019242689,0.008399473,0.0
0.015583947,0.019243497,0.008399886,0.0
0.0155909555,0.019252352,0.008400935,0.0
0.015592127,0.019254722,0.008401789,0.0
0.015595212,0.019258,0.008402373,0.0
0.015597567,0.01926133,0.008403123,0.0
0.015607958,0.019274535,0.008404524,0.0
0.015609641,0.019278076,0.008405618,0.0
0.015612833,0.019281318,0.008406196,0.0
0.015625639,0.019298125,0.008407929,0.0
0.01562741,0.019302076,0.00840916,0.0
0.015636224,0.019312374,0.008410233,0.0
0.015642075,0.019321274,0.008411672,0.0
0.0156425,0.019321801,0.008412272,0.0
0.015645465,0.019325092,0.008412861,0.0
0.015652588,0.019334575,0.008414063,0.0
0.015666982,0.01935377,0.00841612,0.0
0.015682448,0.019375276,0.008418649,0.0
0.015682045,0.01937605,0.008419672,0.0
0.015685234,0.019378765,0.008420095,0.0
0.0156917,0.019387731,0.00842131,0.0
0.015696442,0.019394366,0.008422435,0.0
0.015699303,0.019398114,0.008423244,0.0
0.015704302,0.019404477,0.008424172,0.0
0.015710281,0.019412605,0.008425345,0.0
0.015735473,0.019445337,0.0084282905,0.0
0.0157311,0.019443402,0.008429657,0.0
0.015732994,0.01944271,0.008429534,0.0
0.015740091,0.019452846,0.008430828,0.0
0.015746098,0.019461218,0.008432113,0.0
0.015774978,0.019498533,0.008435353,0.0
0.015771281,0.019498155,0.008437021,0.0
0.015767628,0.019490102,0.008436366,0.0
0.015779933,0.019506022,0.008437809,0.0
0.01578278,0.01951175,0.008439213,0.0
0.015786394,0.019515466,0.008439849,0.0
0.015791828,0.01952283,0.008440912,0.0
0.015800815,0.019534798,0.00844236,0.0
0.015803643,0.01953932,0.008443431,0.0
0.015812218,0.01954988,0.008444607,0.0
0.015818842,0.019559566,0.008446058,0.0
0.015821472,0.019563116,0.008446918,0.0
0.015827268,0.019570364,0.008447876,0.0
0.015833646,0.019579204,0.00844914,0.0
0.015840087,0.019587865,0.008450373,0.0
0.015862687,0.01961732,0.00845308,0.0
0.015862832,0.019620726,0.008454709,0.0
0.015863013,0.019618854,0.008454739,0.0
0.015867269,0.019624606,0.008455585,0.0
0.015873127,0.019632578,0.008456732,0.0
0.0158813,0.01964346,0.00845811,0.0
0.015896108,0.01966323,0.008460209,0.0
0.015899435,0.019669205,0.008461629,0.0
0.015905151,0.019675747,0.008462488,0.0
0.01591062,0.019683534,0.008463682,0.0
0.015918655,0.019694094,0.008465011,0.0
0.015951527,0.019737106,0.008468745,0.0
0.01594557,0.019734336,0.008470408,0.0
0.015959779,0.019748561,0.008471176,0.0
0.015956253,0.01974753,0.008472299,0.0
0.015960015,0.019750046,0.008472542,0.0
0.01595924,0.01975012,0.008473175,0.0
0.015965544,0.019757397,0.008473979,0.0
0.015971297,0.019765789,0.008475255,0.0
0.0159831,0.019781116,0.008476899,0.0
0.015983295,0.01978278,0.008477895,0.0
0.015987769,0.019787384,0.008478487,0.0
0.015995659,0.01979829,0.008479861,0.0
0.015998995,0.019803269,0.00848091,0.0
0.016003076,0.019808255,0.008481713,0.0
0.016009647,0.019817028,0.008482877,0.0
0.016018178,0.019828577,0.008484334,0.0
0.016023608,0.019836275,0.008485583,0.0
0.016031453,0.019846436,0.008486848,0.0
0.01604149,0.019860152,0.008488514,0.0
0.01604467,0.01986514,0.008489637,0.0
0.016048664,0.019869868,0.00849041,0.0
0.016057186,0.019881194,0.008491753,0.0
0.016063718,0.01989052,0.008493147,0.0
0.016070126,0.019898975,0.008494338,0.0
0.016088096,0.019922554,0.008496609,0.0
0.01609956,0.01993974,0.00849897,0.0
0.016100992,0.019941868,0.008499861,0.0
0.016104292,0.019945506,0.008500483,0.0
0.016106937,0.019949336,0.008501306,0.0
0.016114837,0.019959426,0.008502481,0.0
0.016120188,0.019967288,0.008503754,0.0
0.016125137,0.019973677,0.008504746,0.0
0.016141582,0.01999513,0.008506805,0.0
0.016152442,0.020011378,0.008509033,0.0
0.016150763,0.020009497,0.008509627,0.0
0.016155604,0.020014599,0.008510206,0.0
0.016157119,0.020017497,0.008511057,0.0
0.016163446,0.020025177,0.0085119875,0.0
0.016169121,0.020033311,0.008513215,0.0
0.016173318,0.020038905,0.008514174,0.0
0.016179806,0.020047367,0.008515288,0.0
0.016185457,0.02005525,0.008516476,0.0
0.01619157,0.020063352,0.0085176155,0.0
0.016198924,0.020073256,0.008518914,0.0
0.016206767,0.020083953,0.00852032,0.0
0.016212866,0.020092385,0.008521583,0.0
0.016219165,0.020100767,0.008522757,0.0
0.016225647,0.02010959,0.00852399,0.0
0.01623123,0.020117205,0.008525142,0.0
0.016237358,0.020125374,0.008526289,0.0
0.01624571,0.020136585,0.008527686,0.0
0.016254,0.02014804,0.008529185,0.0
0.01626218,0.020159148,0.008530644,0.0
0.016265506,0.020164046,0.00853167,0.0
0.016272575,0.020172922,0.008532748,0.0
0.016279534,0.020182736,0.008534118,0.0
0.0162843,0.020189274,0.0085352035,0.0
0.01629199,0.020199299,0.008536436,0.0
0.016298156,0.020208059,0.008537737,0.0
0.016303523,0.0202152,0.008538821,0.0
0.016309593,0.020223327,0.008539957,0.0
0.016317936,0.020234518,0.008541345,0.0
0.016326224,0.02024597,0.008542844,0.0
0.016331507,0.020253358,0.008544038,0.0
0.016338427,0.020262374,0.0085452115,0.0
0.016343301,0.020269318,0.008546352,0.0
0.016350094,0.020278167,0.008547504,0.0
0.016356843,0.020287506,0.008548801,0.0
0.016363462,0.020296454,0.008550044,0.0
0.016370043,0.020305376,0.008551283,0.0
0.016375646,0.020313045,0.008552438,0.0
0.01638277,0.020322504,0.008553664,0.0
0.016389621,0.020331979,0.008554976,0.0
0.016395317,0.020339739,0.0085561415,0.0
0.016401501,0.02034799,0.008557289,0.0
0.016409887,0.020359265,0.008558682,0.0
0.016415315,0.020367032,0.0085599255,0.0
0.016423242,0.020377334,0.008561183,0.0
0.016428536,0.020384973,0.008562409,0.0
0.016434496,0.02039274,0.008563492,0.0
0.016442815,0.020403953,0.00856487,0.0
0.016448228,0.020411715,0.008566114,0.0
0.016454214,0.020419503,0.008567198,0.0
0.016461583,0.020429498,0.008568496,0.0
0.016467553,0.02043781,0.008569728,0.0
0.016473826,0.020446151,0.008570886,0.0
0.016480308,0.020454986,0.00857211,0.0
0.016490739,0.020468878,0.008573678,0.0
0.016497027,0.020478114,0.008575111,0.0
0.01650523,0.020488739,0.008576405,0.0
0.016512582,0.020499077,0.008577825,0.0
0.016520407,0.020509582,0.008579183,0.0
0.016525576,0.020516895,0.008580361,0.0
0.016530558,0.020523444,0.00858136,0.0
0.01653946,0.020535253,0.008582732,0.0
0.01654421,0.020542348,0.008583965,0.0
0.016547931,0.020547044,0.0085847955,0.0
0.016585397,0.020595485,0.00858857,0.0
0.016573384,0.020586094,0.008590039,0.0
0.016570408,0.020576654,0.008588828,0.0
0.016574236,0.020582782,0.008589718,0.0
0.016580014,0.020590542,0.008590805,0.0
0.016587203,0.020600202,0.00859205,0.0
0.016593026,0.020608285,0.008593247,0.0
0.016600177,0.020617759,0.00859446,0.0
0.016609946,0.020630993,0.00859601,0.0
0.016616873,0.020640867,0.008597437,0.0
0.01662346,0.020649595,0.008598637,0.0
0.016629098,0.020657387,0.008599792,0.0
0.016634338,0.020664439,0.008600853,0.0
0.016639432,0.02067131,0.008601897,0.0
0.016647391,0.020681882,0.008603174,0.0
0.016709005,0.020762023,0.008609203,0.0
0.016898451,0.02101485,0.008628547,0.0
0.0168498,0.020982029,0.008635615,0.0
0.016745387,0.02082228,0.008621158,0.0
0.016715173,0.020773845,0.008614654,0.0
0.016709868,0.020769222,0.008614425,0.0
0.016710918,0.020769883,0.008614666,0.0
0.01671578,0.020776048,0.00861543,0.0
0.016713543,0.020773496,0.008615776,0.0
0.016721928,0.020783188,0.008616601,0.0
0.016733415,0.020799493,0.00861846,0.0
0.016733982,0.020801127,0.008619359,0.0
0.016736683,0.020803628,0.00861981,0.0
0.01674486,0.02081459,0.008621062,0.0
0.016748324,0.020819983,0.008622146,0.0
0.01675537,0.020828769,0.008623179,0.0
0.01676035,0.020836052,0.008624346,0.0
0.016765185,0.020842355,0.008625303,0.0
0.016771104,0.020850305,0.008626392,0.0
0.016777448,0.020858949,0.008627576,0.0
0.016783945,0.020867774,0.008628781,0.0
0.016790492,0.020876676,0.0086299945,0.0
0.016798053,0.020886885,0.008631295,0.0
0.016804075,0.020895293,0.008632524,0.0
0.016810391,0.020903729,0.008633674,0.0
0.016816918,0.020912629,0.00863489,0.0
0.016824486,0.020922871,0.008636196,0.0
0.016833467,0.0209351,0.008637679,0.0
0.016859628,0.020969639,0.008640686,0.0
0.016856922,0.02096987,0.008642216,0.0
0.016855646,0.020965373,0.008641911,0.0
0.016858682,0.0209697,0.008642624,0.0
0.016867086,0.020980818,0.008643894,0.0
0.016877482,0.020995175,0.008645574,0.0
0.016885545,0.021006495,0.008647089,0.0
0.01688769,0.021009697,0.008647957,0.0
0.016892372,0.021015363,0.008648749,0.0
0.016898416,0.021023735,0.008649892,0.0
0.01690583,0.021033727,0.008651162,0.0
0.016910799,0.021040788,0.008652294,0.0
0.016916657,0.021048449,0.008653337,0.0
0.016923036,0.021057189,0.008654525,0.0
0.016929569,0.02106607,0.008655729,0.0
0.016936142,0.021075027,0.008656942,0.0
0.016943723,0.02108527,0.008658244,0.0
0.016950756,0.021094996,0.008659552,0.0
0.016961433,0.021109233,0.008661124,0.0
0.01696684,0.021117387,0.008662472,0.0
0.016972752,0.021124931,0.008663498,0.0
0.016980197,0.02113509,0.008664786,0.0
0.01698524,0.021142246,0.0086659305,0.0
0.01699016,0.02114873,0.008666899,0.0
0.016997138,0.021158084,0.008668086,0.0
0.017003013,0.021166312,0.008669282,0.0
0.017010255,0.021175945,0.008670496,0.0
0.0170162,0.021184271,0.0086717075,0.0
0.017023474,0.021193944,0.0086729275,0.0
0.01702944,0.02120233,0.008674144,0.0
0.017037712,0.021213287,0.008675448,0.0
0.01705789,0.021240178,0.008677911,0.0
0.017055467,0.021239756,0.008679121,0.0
0.017058535,0.021241434,0.008679299,0.0
0.017064342,0.021249928,0.008680459,0.0
0.017070727,0.021258578,0.008681633,0.0
0.017076254,0.02126619,0.008682747,0.0
0.017082402,0.021274423,0.008683855,0.0
0.017089855,0.021284526,0.008685132,0.0
0.01709586,0.021292916,0.008686343,0.0
0.017103162,0.021302631,0.008687565,0.0
0.017110117,0.021312289,0.00868886,0.0
0.017115867,0.021320166,0.008690005,0.0
0.017122118,0.021328568,0.008691139,0.0
0.017128637,0.021337494,0.008692335,0.0
0.017138207,0.021350332,0.0086937975,0.0
0.017146109,0.021361528,0.008695285,0.0
0.01715313,0.021371039,0.008696554,0.0
0.017160907,0.021381596,0.00869788,0.0
0.017166078,0.02138895,0.008699039,0.0
0.017172053,0.021396816,0.0087001,0.0
0.01717853,0.021405699,0.008701294,0.0
0.017183147,0.021412147,0.008702337,0.0
0.017189918,0.021421019,0.008703444,0.0
0.017196715,0.02143049,0.008704714,0.0
0.017203396,0.021439565,0.008705928,0.0
0.017209047,0.02144736,0.008707061,0.0
0.017217249,0.021458264,0.008708345,0.0
0.01722264,0.021466073,0.00870956,0.0
0.01722964,0.021475226,0.008710701,0.0
0.017239498,0.021488667,0.008712229,0.0
0.017247494,0.021499988,0.008713731,0.0
0.017251583,0.021505719,0.008714754,0.0
0.017256133,0.021511596,0.008715641,0.0
0.017262058,0.021519626,0.008716723,0.0
0.017268488,0.02152843,0.008717901,0.0
0.017276049,0.021538666,0.008719179,0.0
0.017284071,0.0215497,0.008720555,0.0
0.017291255,0.021559613,0.008721869,0.0
0.01729609,0.021566346,0.008722943,0.0
0.017301962,0.021574099,0.008723984,0.0
0.017308401,0.021582946,0.008725168,0.0
0.01731499,0.021591933,0.008726368,0.0
0.017321613,0.021600975,0.00872757,0.0
0.017329251,0.021611331,0.008728864,0.0
0.017336328,0.02162113,0.008730163,0.0
0.017343104,0.02163038,0.008731389,0.0
0.017348824,0.021638272,0.0087325275,0.0
0.017356087,0.021647984,0.0087337345,0.0
0.017364055,0.021658977,0.008735109,0.0
0.017369242,0.021666322,0.008736255,0.0
0.017375221,0.021674193,0.008737304,0.0
0.017381694,0.021683102,0.008738491,0.0
0.017388305,0.021692123,0.008739694,0.0
0.017394936,0.02170119,0.008740898,0.0
0.017401587,0.021710278,0.008742104,0.0
0.017409245,0.021720663,0.008743392,0.0
0.017416334,0.021730514,0.008744692,0.0
0.017422138,0.021738503,0.008745835,0.0
0.017428435,0.021746963,0.008746965,0.0
0.017435998,0.021757256,0.008748243,0.0
0.01744406,0.02176836,0.00874962,0.0
0.017451273,0.021778338,0.008750936,0.0
0.017458113,0.021787675,0.008752167,0.0
0.017462866,0.021794327,0.008753227,0.0
0.017468728,0.021802075,0.008754261,0.0
0.017477168,0.02181351,0.0087556,0.0
0.017484618,0.02182398,0.008756978,0.0
0.017489519,0.021830771,0.008758049,0.0
0.01749541,0.021838564,0.008759087,0.0
0.017506858,0.021853916,0.008760674,0.0
0.017510602,0.021860123,0.008761915,0.0
0.017515764,0.02186633,0.008762747,0.0
0.017522018,0.021875039,0.008763907,0.0
0.017528573,0.021883987,0.008765092,0.0
0.017537195,0.021895638,0.00876645,0.0
0.017545693,0.021907464,0.008767912,0.0
0.017553035,0.021917624,0.00876924,0.0
0.01755694,0.021923173,0.008770239,0.0
0.017562438,0.021930268,0.008771188,0.0
0.017568793,0.021939047,0.008772352,0.0
0.017575357,0.021948025,0.008773535,0.0
0.017582985,0.021958385,0.00877481,0.0
0.017590072,0.021968221,0.0087761,0.0
0.017595863,0.021976203,0.00877724,0.0
0.01760316,0.021985965,0.008778438,0.0
0.017610166,0.02199574,0.008779719,0.0
0.017615942,0.022003694,0.008780853,0.0
0.017622236,0.022012172,0.0087819705,0.0
0.017629817,0.022022508,0.008783243,0.0
0.017636897,0.022032335,0.008784531,0.0
0.017643688,0.022041623,0.008785749,0.0
0.017653426,0.022054724,0.008787204,0.0
0.017657414,0.022060933,0.00878836,0.0
0.017662788,0.02206765,0.0087892525,0.0
0.017670136,0.022077737,0.008790494,0.0
0.01767714,0.022087479,0.008791768,0.0
0.017682912,0.022095421,0.008792896,0.0
0.017689198,0.022103893,0.008794012,0.0
0.017695773,0.02211292,0.008795198,0.0
0.017705433,0.022125928,0.008796635,0.0
0.017711382,0.022134665,0.008797944,0.0
0.017716588,0.022141505,0.008798933,0.0
0.017748786,0.022183554,0.008802121,0.0
0.017743437,0.022181798,0.008803829,0.0
0.017752567,0.022189666,0.008804097,0.0
0.017757434,0.022198638,0.00880563,0.0
0.017765101,0.022208149,0.0088067,0.0
0.017764362,0.022208184,0.008807415,0.0
0.017770832,0.022215588,0.008808152,0.0
0.017775854,0.022223262,0.008809339,0.0
0.017782722,0.022232192,0.00881042,0.0
0.017787559,0.022239164,0.0088115055,0.0
0.017791394,0.02224424,0.008812355,0.0
0.017796965,0.022251628,0.008813331,0.0
0.017804297,0.022261636,0.008814551,0.0
0.017810259,0.022270013,0.008815733,0.0
0.017817585,0.022279792,0.008816919,0.0
0.017824583,0.022289569,0.00881819,0.0
0.017830364,0.022297531,0.008819314,0.0
0.01783665,0.022306012,0.008820422,0.0
0.01784526,0.022317685,0.00882177,0.0
0.017850772,0.022325674,0.008822976,0.0
0.017857848,0.022334976,0.008824103,0.0
0.017863812,0.022343442,0.008825294,0.0
0.017870164,0.02235198,0.008826409,0.0
0.017876778,0.022361074,0.008827595,0.0
0.017883448,0.022370221,0.008828783,0.0
0.017890144,0.02237939,0.008829975,0.0
0.017896838,0.022388592,0.008831172,0.0
0.017945778,0.022452438,0.008835703,0.0
0.017967563,0.022488736,0.008840488,0.0
0.017955184,0.022472138,0.008840303,0.0
0.017942611,0.022452703,0.0088388575,0.0
0.017937582,0.022445232,0.00883844,0.0
0.017940199,0.022448312,0.008838907,0.0
0.017945508,0.022455607,0.0088398745,0.0
0.017951556,0.022463836,0.008840946,0.0
0.01795789,0.022472465,0.008842061,0.0
0.01796438,0.022481333,0.008843206,0.0
0.017973991,0.022494271,0.008844613,0.0
0.017980905,0.022504264,0.008845983,0.0
0.017986516,0.022511814,0.0088470485,0.0
0.017991774,0.022519013,0.008848074,0.0
0.017997937,0.022527365,0.00884916,0.0
0.018004496,0.022536376,0.008850332,0.0
0.018011145,0.022545494,0.008851509,0.0
0.018017832,0.02255468,0.008852695,0.0
0.018025542,0.02256518,0.0088539645,0.0
0.018032672,0.022575125,0.008855246,0.0
0.018040525,0.022585807,0.008856531,0.0
0.018047728,0.022595853,0.008857823,0.0
0.018054608,0.022605278,0.008859039,0.0
0.018060382,0.022613302,0.008860163,0.0
0.018066717,0.022621857,0.00886127,0.0
0.018073343,0.02263097,0.008862451,0.0
0.018081043,0.022641487,0.008863716,0.0
0.018087175,0.022650125,0.008864916,0.0
0.018093588,0.022658769,0.008866031,0.0
0.018100232,0.022667931,0.0088672135,0.0
0.01812009,0.022694184,0.008869431,0.0
0.018119263,0.022695983,0.008870768,0.0
0.018122017,0.022697546,0.008870997,0.0
0.01812673,0.0227045,0.008872005,0.0
0.018133733,0.022713853,0.008873134,0.0
0.018139632,0.022722183,0.008874294,0.0
0.018146941,0.022731973,0.008875467,0.0
0.018153958,0.022741785,0.008876723,0.0
0.018159736,0.022749782,0.008877839,0.0
0.018167067,0.02275963,0.008879019,0.0
0.018173102,0.022768175,0.008880204,0.0
0.01817948,0.022776762,0.008881308,0.0
0.01818815,0.022788547,0.008882645,0.0
0.018194694,0.02279792,0.008883926,0.0
0.018200208,0.022805395,0.008884978,0.0
0.01820648,0.022813894,0.008886075,0.0
0.018213095,0.022823012,0.0088872425,0.0
0.018220795,0.022833517,0.008888504,0.0
0.018228961,0.02284481,0.008889857,0.0
0.018235225,0.022853632,0.0088910675,0.0
0.018242717,0.022863695,0.008892271,0.0
0.0182478,0.022871021,0.008893385,0.0
0.018253801,0.022878945,0.008894406,0.0
0.01826033,0.02288799,0.00889557,0.0
0.018266998,0.02289716,0.008896745,0.0
0.01827473,0.022907708,0.008898002,0.0
0.01828392,0.022920327,0.008899434,0.0
0.01828859,0.022927256,0.008900576,0.0
0.018294327,0.022934675,0.00890153,0.0
0.018301832,0.022945005,0.008902768,0.0
0.018308928,0.022954902,0.008904029,0.0
0.018314736,0.022962954,0.008905149,0.0
0.01832108,0.02297155,0.008906249,0.0
0.018328741,0.02298203,0.008907499,0.0
0.01833486,0.022990678,0.008908688,0.0
0.018341275,0.022999322,0.008909793,0.0
0.01834793,0.023008514,0.00891097,0.0
0.018354652,0.023017764,0.008912147,0.0
0.018361393,0.023027034,0.008913329,0.0
0.01836814,0.023036327,0.008914512,0.0
0.018375898,0.023046928,0.008915773,0.0
0.018383088,0.02305697,0.008917046,0.0
0.018389964,0.023066401,0.008918248,0.0
0.018396763,0.023075772,0.008919437,0.0
0.018402524,0.023083797,0.00892055,0.0
0.018408854,0.023092365,0.008921644,0.0
0.018415496,0.023101531,0.0089228125,0.0
0.01842221,0.023110773,0.008923987,0.0
0.018428935,0.023120044,0.008925165,0.0
0.018435683,0.023129333,0.008926345,0.0
0.018442433,0.023138614,0.008927525,0.0
0.018449184,0.023147916,0.008928708,0.0
0.01845798,0.023159882,0.008930046,0.0
0.018465616,0.023170674,0.008931409,0.0
0.018470576,0.023177639,0.008932466,0.0
0.018476557,0.023185585,0.008933483,0.0
0.018483115,0.023194695,0.008934645,0.0
0.018489812,0.023203904,0.008935811,0.0
0.018497562,0.023214495,0.008937066,0.0
0.018503718,0.023223206,0.008938255,0.0
0.018510163,0.0232319,0.008939356,0.0
0.018516844,0.023241146,0.008940532,0.0
0.018524596,0.023251746,0.008941783,0.0
0.018531783,0.023261802,0.008943052,0.0
0.01853867,0.023271259,0.008944248,0.0
0.018546507,0.023281973,0.008945512,0.0
0.018551674,0.023289425,0.008946632,0.0
0.01855771,0.02329742,0.008947645,0.0
0.018564284,0.023306534,0.008948804,0.0
0.018570984,0.02331577,0.008949974,0.0
0.018577715,0.023325048,0.008951147,0.0
0.018584466,0.023334349,0.008952321,0.0
0.018591225,0.02334366,0.008953495,0.0
0.01859798,0.023352977,0.008954673,0.0
0.018604744,0.02336231,0.008955848,0.0
0.018611515,0.023371642,0.008957028,0.0
0.018619316,0.023382315,0.008958282,0.0
0.018626511,0.02339239,0.00895955,0.0
0.018632382,0.023400541,0.008960664,0.0
0.018638758,0.023409197,0.008961758,0.0
0.018646471,0.023419779,0.008963003,0.0
0.018653639,0.023429815,0.008964266,0.0
0.018659502,0.023437949,0.008965377,0.0
0.018665876,0.023446588,0.008966466,0.0
0.01867255,0.023455815,0.008967633,0.0
0.018681329,0.023467777,0.008968959,0.0
0.018686911,0.023475947,0.008970157,0.0
0.018693049,0.023484057,0.008971179,0.0
0.018699668,0.023493245,0.008972341,0.0
0.018706394,0.02350252,0.008973504,0.0
0.018713143,0.023511844,0.008974676,0.0
0.018719906,0.023521163,0.00897585,0.0
0.018726688,0.023530534,0.008977029,0.0
0.018734483,0.023541203,0.008978276,0.0
0.018740669,0.023549965,0.008979462,0.0
0.018749194,0.023561398,0.008980717,0.0
0.018757807,0.023573516,0.008982141,0.0
0.018762153,0.023579873,0.008983201,0.0
0.018767834,0.023587257,0.008984134,0.0
0.018775364,0.023597667,0.008985355,0.0
0.018782493,0.023607628,0.008986603,0.0
0.018789351,0.02361707,0.008987785,0.0
0.01879513,0.02362514,0.008988884,0.0
0.018801482,0.023633758,0.008989964,0.0
0.018825639,0.023665708,0.008992437,0.0
0.01885627,0.023709176,0.008996351,0.0
0.018838206,0.023689024,0.008996688,0.0
0.018842597,0.023689104,0.008995983,0.0
0.018899743,0.023766158,0.009001311,0.0
0.01886918,0.02373576,0.009002443,0.0
0.018856904,0.023709089,0.008999236,0.0
0.01886001,0.023714943,0.009000011,0.0
0.018865662,0.023722704,0.009001003,0.0
0.018870808,0.023729805,0.009001978,0.0
0.01887678,0.023737848,0.009002986,0.0
0.018884249,0.023748053,0.009004173,0.0
0.018890252,0.023756564,0.009005315,0.0
0.018896606,0.02376516,0.009006388,0.0
0.018903261,0.023774358,0.009007537,0.0
0.018909976,0.023783643,0.009008694,0.0
0.018916728,0.023792958,0.009009858,0.0
0.0189235,0.023802312,0.009011022,0.0
0.018930264,0.02381168,0.009012186,0.0
0.018938085,0.023822391,0.009013436,0.0
0.018945316,0.02383253,0.0090146875,0.0
0.018952224,0.023842063,0.009015873,0.0
0.018958027,0.02385016,0.009016971,0.0
0.018964408,0.023858832,0.009018054,0.0
0.018972136,0.02386946,0.00901929,0.0
0.018978296,0.023878215,0.009020463,0.0
0.018986838,0.023889666,0.00902171,0.0
0.018994417,0.023900477,0.009023048,0.0
0.0190035,0.02391281,0.009024392,0.0
0.01900711,0.023918465,0.009025445,0.0
0.019012455,0.023925195,0.009026294,0.0
0.01901991,0.023935547,0.009027498,0.0
0.01902598,0.02394416,0.009028656,0.0
0.019032417,0.023952864,0.009029736,0.0
0.01904014,0.02396349,0.009030963,0.0
0.019046294,0.023972243,0.009032138,0.0
0.019053794,0.023982342,0.009033302,0.0
0.019060941,0.023992416,0.009034543,0.0
0.0190668,0.024000576,0.009035645,0.0
0.019073201,0.02400928,0.009036727,0.0
0.019080935,0.024019904,0.009037959,0.0
0.0190871,0.02402868,0.009039127,0.0
0.019093562,0.024037454,0.009040217,0.0
0.019101325,0.02404813,0.009041447,0.0
0.019110614,0.02406095,0.009042849,0.0
0.01911529,0.024067953,0.009043978,0.0
0.019122098,0.0240768,0.009044987,0.0
0.019129105,0.024086725,0.009046218,0.0
0.019134909,0.024094814,0.009047306,0.0
0.019142322,0.024104832,0.009048454,0.0
0.019148415,0.024113536,0.009049621,0.0
0.019155907,0.024123617,0.009050775,0.0
0.019163052,0.024133692,0.00905202,0.0
0.019168898,0.024141852,0.009053113,0.0
0.019175304,0.024150569,0.009054191,0.0
0.019184079,0.024162564,0.009055493,0.0
0.019191733,0.024173459,0.009056828,0.0
0.019197732,0.024181802,0.009057943,0.0
0.019203145,0.024189245,0.009058951,0.0
0.019209431,0.02419783,0.009060015,0.0
0.019216102,0.024207093,0.009061158,0.0
0.019223897,0.02421779,0.009062391,0.0
0.019230086,0.02422659,0.0090635605,0.0
0.019236563,0.024235372,0.009064641,0.0
0.019243294,0.024244716,0.009065793,0.0
0.019250073,0.02425412,0.009066951,0.0
0.019257922,0.024264887,0.0090681845,0.0
0.0192662,0.024276428,0.009069508,0.0
0.01927254,0.02428543,0.009070699,0.0
0.019279081,0.024294315,0.009071791,0.0
0.019285852,0.024303732,0.009072948,0.0
0.019292654,0.024313148,0.009074109,0.0
0.019298434,0.024321249,0.009075188,0.0
0.019304803,0.024329918,0.009076258,0.0
0.019311506,0.02433922,0.009077404,0.0
0.01931828,0.024348602,0.009078554,0.0
0.019325072,0.024358008,0.009079708,0.0
0.01933188,0.024367431,0.009080864,0.0
0.019338682,0.02437687,0.009082021,0.0
0.019345503,0.024386326,0.00908318,0.0
0.01935232,0.024395779,0.009084336,0.0
0.019359145,0.02440522,0.009085493,0.0
0.019365963,0.02441467,0.009086654,0.0
0.019372784,0.024424132,0.009087809,0.0
0.019379603,0.024433585,0.009088967,0.0
0.019386426,0.024443043,0.009090125,0.0
0.019394299,0.024453858,0.009091358,0.0
0.019401567,0.024464093,0.009092604,0.0
0.019408515,0.024473706,0.009093776,0.0
0.01941538,0.024483228,0.00909494,0.0
0.019421197,0.024491377,0.0090960255,0.0
0.019427598,0.024500102,0.009097096,0.0
0.019434307,0.024509432,0.009098238,0.0
0.019441092,0.024518844,0.009099387,0.0
0.0194479,0.02452828,0.0091005415,0.0
0.019455763,0.024539087,0.009101766,0.0
0.019463027,0.024549318,0.009103014,0.0
0.019468922,0.024557559,0.009104106,0.0
0.019475361,0.024566328,0.009105177,0.0
0.019482091,0.024575714,0.009106322,0.0
0.019488884,0.024585122,0.009107471,0.0
0.0194957,0.024594566,0.009108622,0.0
0.01950252,0.024604034,0.009109777,0.0
0.019509349,0.024613509,0.009110932,0.0
0.019516168,0.02462297,0.009112082,0.0
0.019523002,0.02463245,0.009113234,0.0
0.019529836,0.02464193,0.009114389,0.0
0.019536665,0.024651416,0.009115544,0.0
0.019543502,0.0246609,0.009116696,0.0
0.019550344,0.024670383,0.009117848,0.0
0.019557172,0.02467986,0.009118999,0.0
0.019565053,0.024690714,0.009120228,0.0
0.019571286,0.024699599,0.0091213975,0.0
0.019578852,0.024709834,0.009122548,0.0
0.01958606,0.02472002,0.0091237845,0.0
0.019591944,0.024728261,0.0091248695,0.0
0.019599425,0.024738414,0.009126015,0.0
0.019605553,0.024747178,0.009127171,0.0
0.019612031,0.024755998,0.009128241,0.0
0.019618783,0.02476538,0.009129384,0.0
0.019625591,0.024774836,0.009130526,0.0
0.01963241,0.024784321,0.009131676,0.0
0.01963924,0.024793802,0.009132825,0.0
0.01964608,0.024803285,0.009133977,0.0
0.019652914,0.024812778,0.009135127,0.0
0.019660797,0.02482364,0.009136349,0.0
0.019667033,0.024832532,0.009137511,0.0
0.019673552,0.02484143,0.00913859,0.0
0.019680332,0.024850855,0.009139731,0.0
0.019687148,0.024860322,0.009140877,0.0
0.019693978,0.02486982,0.009142026,0.0
0.019700816,0.024879307,0.009143172,0.0
0.019707654,0.024888804,0.009144323,0.0
0.019714497,0.024898317,0.009145469,0.0
0.01972134,0.02490783,0.009146619,0.0
0.019728187,0.024917332,0.009147767,0.0
0.019736083,0.024928212,0.009148989,0.0
0.019743377,0.024938507,0.009150225,0.0
0.019750351,0.024948157,0.009151387,0.0
0.019758286,0.024959119,0.009152619,0.0
0.019763503,0.024966689,0.00915371,0.0
0.01977065,0.024976214,0.009154773,0.0
0.019778814,0.024987672,0.009156064,0.0
0.019786162,0.024998011,0.009157305,0.0
0.019791046,0.025004957,0.00915832,0.0
0.019798111,0.025014382,0.009159372,0.0
0.019804135,0.025023077,0.009160512,0.0
0.01981059,0.025031848,0.00916157,0.0
0.019818382,0.025042612,0.009162776,0.0
0.019825634,0.025052842,0.009164004,0.0
0.019831529,0.0250611,0.009165087,0.0
0.019837966,0.025069904,0.009166147,0.0
0.01984472,0.025079325,0.009167282,0.0
0.019851526,0.025088785,0.009168419,0.0
0.019858368,0.025098281,0.009169559,0.0
0.019865211,0.025107795,0.009170704,0.0
0.019872064,0.025117327,0.009171844,0.0
0.01987891,0.025126845,0.00917299,0.0
0.019885754,0.025136368,0.009174136,0.0
0.019892616,0.025145901,0.009175276,0.0
0.019899469,0.025155446,0.009176422,0.0
0.019908434,0.025167732,0.009177713,0.0
0.019914076,0.025176067,0.009178888,0.0
0.019920278,0.025184335,0.009179881,0.0
0.019926997,0.025193742,0.009181013,0.0
0.019933803,0.025203213,0.00918215,0.0
0.019940633,0.025212718,0.009183287,0.0
0.019948546,0.025223618,0.009184499,0.0
0.019954782,0.02523255,0.009185655,0.0
0.019961316,0.025241463,0.009186727,0.0
0.019968104,0.02525094,0.009187864,0.0
0.019974941,0.025260448,0.0091889985,0.0
0.01998179,0.02526997,0.00919014,0.0
0.01998864,0.025279516,0.009191278,0.0
0.019996563,0.025290448,0.009192494,0.0
0.020003868,0.025300771,0.009193724,0.0
0.020009795,0.02530908,0.009194803,0.0
0.020017317,0.02531931,0.009195941,0.0
0.02002453,0.025329541,0.00919716,0.0
0.020030417,0.0253378,0.009198236,0.0
0.020036867,0.025346622,0.00919929,0.0
0.020043632,0.025356073,0.00920042,0.0
0.020050459,0.025365569,0.009201555,0.0
0.020057306,0.0253751,0.0092026945,0.0
0.020064158,0.025384637,0.00920383,0.0
0.020072073,0.025395576,0.009205042,0.0
0.020078328,0.025404522,0.009206194,0.0
0.020084864,0.025413446,0.009207261,0.0
0.020091657,0.025422929,0.009208391,0.0
0.020098493,0.02543247,0.009209528,0.0
0.020106414,0.025443396,0.0092107365,0.0
0.020113733,0.025453731,0.009211962,0.0
0.020119658,0.025462061,0.009213042,0.0
0.020126121,0.025470909,0.0092140995,0.0
0.0201329,0.025480386,0.0092152245,0.0
0.02014291,0.025494047,0.00921658,0.0
0.020147935,0.025501782,0.00921776,0.0
0.020153807,0.025509423,0.009218672,0.0
0.020160463,0.02551879,0.00921979,0.0
0.02016832,0.025529645,0.00922099,0.0
0.02017667,0.025541324,0.009222279,0.0
0.020183023,0.025550412,0.009223442,0.0
0.020188548,0.02555802,0.009224437,0.0
0.020195976,0.025568176,0.009225557,0.0
0.020203175,0.025578372,0.009226766,0.0
0.020209057,0.02558663,0.009227833,0.0
0.020215496,0.025595466,0.009228887,0.0
0.020222258,0.025604917,0.00923001,0.0
0.020229097,0.025614439,0.009231133,0.0
0.020235948,0.025623983,0.009232268,0.0
0.020242814,0.025633551,0.009233403,0.0
0.020249689,0.025643133,0.009234534,0.0
0.020256551,0.025652708,0.009235668,0.0
0.02026343,0.0256623,0.009236803,0.0
0.02027031,0.025671883,0.009237939,0.0
0.020277187,0.025681455,0.00923907,0.0
0.020284062,0.025691057,0.0092402045,0.0
0.020290941,0.025700651,0.009241335,0.0
0.020297822,0.02571024,0.009242472,0.0
0.020304702,0.02571982,0.0092436075,0.0
0.020311574,0.025729429,0.009244739,0.0
0.020318458,0.025739029,0.009245871,0.0
0.020325342,0.025748622,0.009247007,0.0
0.020332217,0.02575822,0.00924814,0.0
0.0203391,0.025767827,0.009249272,0.0
0.020347046,0.025778811,0.009250478,0.0
0.020354379,0.025789188,0.009251695,0.0
0.020360313,0.025797551,0.00925277,0.0
0.020367866,0.025807826,0.009253895,0.0
0.020375103,0.025818111,0.009255105,0.0
0.02038101,0.025826422,0.009256174,0.0
0.020387469,0.025835289,0.009257222,0.0
0.020395325,0.025846168,0.009258413,0.0
0.02040262,0.025856508,0.009259626,0.0
0.020426625,0.025888424,0.009261916,0.0
0.020422665,0.025887035,0.009263236,0.0
0.02042379,0.02588558,0.009263086,0.0
0.020429455,0.025894005,0.009264128,0.0
0.020435944,0.025902992,0.009265194,0.0
0.020442648,0.025912335,0.009266293,0.0
0.020449426,0.02592179,0.009267399,0.0
0.020456253,0.02593131,0.009268519,0.0
0.020463098,0.02594086,0.009269644,0.0
0.020469967,0.025950445,0.009270765,0.0
0.020476846,0.025960041,0.009271895,0.0
0.020483725,0.025969652,0.0092730215,0.0
0.02049061,0.025979258,0.009274147,0.0
0.020497488,0.025988871,0.009275278,0.0
0.020504376,0.025998494,0.009276403,0.0
0.020511271,0.02600811,0.009277534,0.0
0.020518163,0.02601774,0.009278661,0.0
0.02052505,0.026027353,0.009279788,0.0
0.020531937,0.026036981,0.009280914,0.0
0.020538833,0.026046613,0.009282041,0.0
0.020545727,0.026056232,0.009283169,0.0
0.020553682,0.026067268,0.009284369,0.0
0.020559965,0.026076274,0.009285509,0.0
0.020566521,0.02608526,0.009286562,0.0
0.020579759,0.026103193,0.009288117,0.0
0.020582926,0.026109144,0.009289334,0.0
0.02058781,0.026114872,0.0092900125,0.0
0.020594291,0.026124123,0.009291106,0.0
0.020601034,0.026133513,0.009292213,0.0
0.020608943,0.02614446,0.009293396,0.0
0.02061839,0.026157627,0.009294746,0.0
0.020625219,0.026167545,0.009295985,0.0
0.020629795,0.026173942,0.009296912,0.0
0.020636853,0.026183436,0.009297938,0.0
0.020642914,0.026192198,0.009299055,0.0
0.02065046,0.026202464,0.009300166,0.0
0.020656634,0.026211364,0.009301295,0.0
0.020664215,0.026221689,0.009302406,0.0
0.020673608,0.026234804,0.00930375,0.0
0.020680426,0.02624471,0.009304983,0.0
0.020687133,0.026253892,0.009306049,0.0
0.020691892,0.026260773,0.009307039,0.0
0.02069789,0.026268853,0.009307987,0.0
0.020704577,0.026278239,0.009309087,0.0
0.020712461,0.026289154,0.009310266,0.0
0.020720836,0.02630092,0.009311542,0.0
0.020727208,0.026310058,0.0093126865,0.0
0.02073381,0.02631911,0.009313743,0.0
0.020740654,0.026328724,0.00931486,0.0
0.020747546,0.026338357,0.009315982,0.0
0.020759802,0.02635501,0.009317456,0.0
0.020764677,0.026363013,0.009318731,0.0
0.02077035,0.026370186,0.009319566,0.0
0.020777028,0.026379663,0.009320678,0.0
0.020782799,0.026387826,0.0093217185,0.0
0.02078816,0.026395233,0.009322676,0.0
0.020794475,0.026403962,0.009323698,0.0
0.02080229,0.026414797,0.009324864,0.0
0.020808492,0.026423734,0.009325989,0.0
0.020815015,0.026432673,0.009327027,0.0
0.020821836,0.026442233,0.00932814,0.0
0.020828702,0.026451843,0.009329249,0.0
0.020837743,0.026464289,0.00933051,0.0
0.020844474,0.026474116,0.009331733,0.0
0.02085115,0.026483264,0.009332788,0.0
0.020860177,0.02649573,0.00933405,0.0
0.020864766,0.026502784,0.009335131,0.0
0.020870548,0.026510341,0.009336014,0.0
0.020877212,0.02651976,0.009337112,0.0
0.020884028,0.02652929,0.009338218,0.0
0.020890899,0.026538901,0.009339328,0.0
0.020897785,0.026548544,0.009340444,0.0
0.02090468,0.026558183,0.009341558,0.0
0.020912653,0.02656925,0.009342744,0.0
0.020918949,0.026578307,0.009343877,0.0
0.020925516,0.026587334,0.009344918,0.0
0.020932358,0.02659693,0.009346033,0.0
0.020940322,0.026607988,0.009347215,0.0
0.020946603,0.026617037,0.00934835,0.0
0.020953173,0.026626047,0.009349391,0.0
0.020960018,0.02663567,0.009350501,0.0
0.020966906,0.026645314,0.009351614,0.0
0.020974886,0.026656384,0.0093527995,0.0
0.02098117,0.02666545,0.00935393,0.0
0.020987742,0.026674476,0.009354972,0.0
0.020994589,0.026684087,0.0093560815,0.0
0.021001479,0.02669373,0.0093571935,0.0
0.02100839,0.026703414,0.009358306,0.0
0.0210153,0.026713092,0.009359425,0.0
0.021022208,0.026722772,0.009360538,0.0
0.021029128,0.026732463,0.009361653,0.0
0.021036047,0.026742153,0.009362767,0.0
0.021042962,0.026751839,0.009363879,0.0
0.02104988,0.026761543,0.009364994,0.0
0.021056801,0.026771234,0.00936611,0.0
0.021063719,0.026780926,0.009367225,0.0
0.02107064,0.026790647,0.009368339,0.0
0.021077555,0.026800327,0.009369453,0.0
0.021085555,0.026811428,0.009370636,0.0
0.02109293,0.026821932,0.0093718385,0.0
0.021098897,0.026830357,0.009372891,0.0
0.021107558,0.026842149,0.009374064,0.0
0.021115301,0.02685335,0.009375343,0.0
0.021120263,0.026860453,0.009376336,0.0
0.02112636,0.026868701,0.00937729,0.0
0.021133097,0.026878184,0.009378384,0.0
0.021141022,0.026889205,0.0093795555,0.0
0.021148358,0.026899638,0.009380748,0.0
0.021155387,0.026909458,0.00938187,0.0
0.02116126,0.026917811,0.009382913,0.0
0.02116775,0.026926747,0.009383944,0.0
0.02117457,0.026936334,0.009385046,0.0
0.021181455,0.026946,0.009386151,0.0
0.02118836,0.026955666,0.009387255,0.0
0.021195278,0.026965354,0.009388366,0.0
0.021202194,0.026975075,0.009389475,0.0
0.02120911,0.026984772,0.009390583,0.0
0.021216033,0.026994472,0.009391694,0.0
0.021222958,0.027004192,0.009392803,0.0
0.021230966,0.027015334,0.009393987,0.0
0.021237278,0.02702442,0.009395112,0.0
0.021243848,0.02703348,0.009396146,0.0
0.021250715,0.027043145,0.009397249,0.0
0.02126411,0.027061313,0.009398773,0.0
0.021268351,0.027068727,0.009400054,0.0
0.021274759,0.027076676,0.009400872,0.0
0.021279706,0.027084133,0.009401912,0.0
0.02128574,0.02709225,0.009402845,0.0
0.021292452,0.02710172,0.009403932,0.0
0.021299293,0.027111307,0.009405026,0.0
0.021306178,0.027120959,0.009406126,0.0
0.021313086,0.027130654,0.00940723,0.0
0.021321079,0.027141767,0.009408401,0.0
0.021327375,0.02715086,0.009409524,0.0
0.02133504,0.027161337,0.009410626,0.0
0.021342356,0.027171796,0.009411816,0.0
0.021348294,0.027180215,0.009412862,0.0
0.021355888,0.027190616,0.009413956,0.0
0.021363191,0.027201047,0.009415139,0.0
0.021370199,0.02721086,0.009416251,0.0
0.02137608,0.02721923,0.0094172945,0.0
0.021382563,0.027228165,0.009418318,0.0
0.021390483,0.027239207,0.00941948,0.0
0.01736734,0.0216382,0.008970792,0.0
0.016070863,0.019528082,0.008713535,0.0
0.01567156,0.019011598,0.00864132,0.0
0.015509864,0.018767511,0.008606022,0.0
0.015420905,0.018629143,0.008584855,0.0
0.01537036,0.01854828,0.00857208,0.0
0.015339211,0.018497858,0.008564116,0.0
0.015318205,0.018463684,0.008558861,0.0
0.01530997,0.01844872,0.008556355,0.0
0.015303359,0.018437335,0.008554661,0.0
0.015301764,0.018433267,0.008554012,0.0
0.015302965,0.018433765,0.008554057,0.0
0.015305865,0.01843689,0.008554514,0.0
0.015312464,0.01844538,0.008555658,0.0
0.015315372,0.018449007,0.008556305,0.0
